0 0.9602107558139535 0.13998789346246973 0.047238372093023256 0.1074455205811138
0 0.07721656976744186 0.14679176755447942 0.05450581395348837 0.09685230024213075
0 0.6872311046511628 0.22624697336561742 0.031795058139534885 0.11349878934624698
0 0.7190261627906976 0.2323002421307506 0.03361191860465116 0.10139225181598063
0 0.746279069767442 0.24289346246973365 0.03724563953488372 0.08928571428571429
0 0.7735319767441862 0.23986682808716706 0.0390625 0.12257869249394673
0 0.8021438953488372 0.24894673123486682 0.03997093023255814 0.11955205811138014
0 0.8325799418604652 0.27088377723970947 0.03724563953488372 0.13922518159806296
0 0.8607412790697675 0.26937046004842613 0.04087936046511628 0.11501210653753027
0 0.8875363372093024 0.265593220338983 0.036337209302325583 0.12560532687651332
0 0.9120639534883721 0.2776997578692494 0.03997093023255814 0.14679176755447942
0 0.9406831395348838 0.2587772397094431 0.03361191860465116 0.09685230024213075
0 0.9611191860465116 0.2814769975786925 0.047238372093023256 0.13317191283292978
0 0.5777616279069767 0.2164043583535109 0.029069767441860465 0.10290556900726393
0 0.6027470930232558 0.23153753026634383 0.0390625 0.1301452784503632
0 0.6336337209302325 0.237590799031477 0.03724563953488372 0.1271186440677966
0 0.6631540697674418 0.24969733656174334 0.0345203488372093 0.1301452784503632
0 0.20348837209302326 0.24667070217917675 0.03815406976744186 0.12409200968523003
0 0.2298328488372093 0.24364406779661016 0.036337209302325583 0.1089588377723971
0 0.25617732558139533 0.2323002421307506 0.030886627906976744 0.12560532687651332
0 0.2843386627906977 0.23002421307506055 0.032703488372093026 0.10290556900726393
0 0.31114098837209303 0.23456416464891042 0.0390625 0.11198547215496368
0 0.3347601744186047 0.2111138014527845 0.0390625 0.13771186440677965
0 0.36655523255813954 0.22699757869249396 0.046329941860465115 0.1271186440677966
0 0.16170058139534885 0.23532687651331718 0.025436046511627907 0.12560532687651332
0 0.17805232558139536 0.2338135593220339 0.030886627906976744 0.1074455205811138
0 0.14080668604651161 0.23002421307506055 0.025436046511627907 0.10290556900726393
0 0.11037790697674418 0.21943099273607747 0.029978197674418606 0.12409200968523003
0 0.078125 0.26256658595641647 0.03815406976744186 0.14679176755447942
0 0.39153343023255816 0.2406174334140436 0.0436046511627907 0.12409200968523003
0 0.4183357558139535 0.2534866828087167 0.03361191860465116 0.13468523002421307
0 0.4483139534883721 0.255 0.04087936046511628 0.1286319612590799
0 0.4742005813953488 0.2534866828087167 0.036337209302325583 0.11955205811138014