0 0.07767441860465116 0.25121065375302665 0.03724563953488372 0.15435835351089588
0 0.10356104651162791 0.2610532687651332 0.056322674418604654 0.14679176755447942
0 0.4519476744186047 0.22699757869249396 0.031795058139534885 0.11501210653753027
0 0.4805595930232558 0.23456416464891042 0.041787790697674417 0.11803874092009685
0 0.42877906976744184 0.23684019370460047 0.03815406976744186 0.13165859564164648
0 0.40334302325581395 0.24667070217917675 0.030886627906976744 0.13619854721549637
0 0.3756395348837209 0.229273607748184 0.03361191860465116 0.12257869249394673
0 0.345203488372093 0.22397094430992737 0.041787790697674417 0.11198547215496368
0 0.3170421511627907 0.22776029055690072 0.032703488372093026 0.13165859564164648
0 0.29115552325581395 0.23153753026634383 0.04451308139534884 0.1483050847457627
0 0.2643531976744186 0.24213075060532688 0.03815406976744186 0.16646489104116222
0 0.23619186046511628 0.2338135593220339 0.041787790697674417 0.12560532687651332
0 0.2075799418604651 0.22548426150121065 0.04269622093023256 0.13922518159806296
0 0.1816860465116279 0.22473365617433413 0.045421511627906974 0.13165859564164648
0 0.15261627906976744 0.23456416464891042 0.041787790697674417 0.11803874092009685
0 0.12536337209302326 0.229273607748184 0.0345203488372093 0.11955205811138014
0 0.5037281976744186 0.21035108958837773 0.046329941860465115 0.14527845036319612
0 0.5355232558139534 0.21868038740920095 0.0390625 0.11955205811138014
0 0.5618677325581395 0.229273607748184 0.04269622093023256 0.1074455205811138
0 0.5832122093023255 0.2391041162227603 0.0345203488372093 0.12106537530266344
0 0.6095566860465116 0.2164043583535109 0.03997093023255814 0.1301452784503632
0 0.6372674418604651 0.21943099273607747 0.046329941860465115 0.11198547215496368
0 0.6640625 0.23532687651331718 0.0436046511627907 0.11349878934624698
0 0.6908648255813954 0.22473365617433413 0.04269622093023256 0.14679176755447942
0 0.9593023255813954 0.14376513317191283 0.05450581395348837 0.11198547215496368
0 0.7408284883720931 0.229273607748184 0.03361191860465124 0.13468523002421307
0 0.7698982558139535 0.22776029055690072 0.04269622093023256 0.10441888619854721
0 0.7980595930232559 0.22851089588377724 0.03361191860465116 0.1089588377723971
0 0.8207703488372093 0.25272397094430993 0.0390625 0.14225181598062955
0 0.8462063953488372 0.22548426150121065 0.04269622093023256 0.1513317191283293
0 0.8707340116279071 0.23078692493946731 0.03542877906976744 0.14981840193704601
0 0.9057049418604651 0.237590799031477 0.047238372093023256 0.13317191283292978