0 0.19553291536050157 0.25522193211488253 0.0877742946708464 0.1122715404699739
0 0.210423197492163 0.29177545691906004 0.0987460815047022 0.14360313315926893
0 0.22923197492163008 0.34986945169712796 0.10736677115987461 0.15796344647519583
0 0.24412225705329155 0.3975195822454308 0.09012539184952978 0.13315926892950392
0 0.25313479623824453 0.4497389033942559 0.09717868338557993 0.14490861618798956
0 0.2727272727272727 0.49738903394255873 0.08699059561128526 0.12924281984334204
0 0.3401253918495298 0.6135770234986945 0.11050156739811912 0.16057441253263707
0 0.5054858934169278 0.9738903394255874 0.10188087774294671 0.05221932114882506
0 0.49137931034482757 0.9451697127937336 0.10344827586206896 0.10966057441253264
0 0.4643416927899687 0.9236292428198434 0.11833855799373041 0.15274151436031333
0 0.4537617554858934 0.8929503916449086 0.10344827586206896 0.14882506527415143
0 0.43456112852664575 0.8433420365535248 0.0932601880877743 0.14360313315926893
0 0.40282131661442006 0.8054830287206266 0.10658307210031348 0.15796344647519583
0 0.3832288401253918 0.7539164490861618 0.09952978056426333 0.14882506527415143
0 0.3714733542319749 0.7075718015665796 0.0877742946708464 0.13185378590078328
0 0.3648119122257053 0.6566579634464752 0.09482758620689655 0.14490861618798956
0 0.3221003134796238 0.5659268929503917 0.09247648902821316 0.14360313315926893
0 0.30642633228840127 0.5287206266318538 0.07288401253918496 0.11618798955613577