0 0.17109375 0.23671875 0.046875 0.128125
0 0.196875 0.23828125 0.0359375 0.125
0 0.22421875 0.23515625 0.0390625 0.1078125
0 0.2546875 0.24296875 0.0375 0.103125
0 0.2875 0.2359375 0.0359375 0.109375
0 0.315625 0.24296875 0.0265625 0.1234375
0 0.34609375 0.2390625 0.0328125 0.1078125
0 0.378125 0.23828125 0.03125 0.109375
0 0.4109375 0.23828125 0.034375 0.109375
0 0.44296875 0.2328125 0.028125 0.11875
0 0.475 0.23515625 0.0265625 0.103125
0 0.5015625 0.23828125 0.0265625 0.096875
0 0.53203125 0.2359375 0.0359375 0.1015625
0 0.5625 0.2328125 0.0265625 0.103125
0 0.58984375 0.23671875 0.0296875 0.1109375
0 0.6171875 0.234375 0.0265625 0.1140625
0 0.6515625 0.23203125 0.0421875 0.1140625
0 0.6875 0.225 0.03125 0.11875
0 0.7140625 0.23203125 0.0234375 0.1296875
0 0.73515625 0.23203125 0.034375 0.08125
0 0.77421875 0.2390625 0.034375 0.0953125
0 0.81015625 0.23984375 0.0359375 0.09375
0 0.84140625 0.2421875 0.0265625 0.09375
0 0.87109375 0.23828125 0.03125 0.1015625
0 0.90390625 0.24921875 0.034375 0.11875
0 0.94375 0.23984375 0.03125 0.121875
0 0.97109375 0.23515625 0.025 0.1078125