0 0.9556384742951907 0.7997237569060773 0.05223880597014925 0.15193370165745856
0 0.9212271973466003 0.81353591160221 0.03897180762852405 0.13674033149171272
0 0.8897180762852405 0.8087016574585635 0.04311774461028192 0.13812154696132597
0 0.8615257048092869 0.8142265193370166 0.04145936981757877 0.11740331491712708
0 0.8300165837479271 0.8149171270718232 0.04643449419568822 0.10359116022099447
0 0.806799336650083 0.8031767955801105 0.04892205638474295 0.11878453038674033
0 0.7686567164179104 0.8017955801104972 0.04311774461028192 0.1408839779005525
0 0.7404643449419569 0.8052486187845304 0.0406301824212272 0.11878453038674033
0 0.7126865671641791 0.81146408839779 0.0439469320066335 0.1132596685082873
0 0.6824212271973465 0.8107734806629834 0.0439469320066335 0.12016574585635359
0 0.648424543946932 0.8225138121546961 0.04311774461028192 0.13121546961325967
0 0.6185737976782753 0.8169889502762431 0.03482587064676617 0.1464088397790055
0 0.5907960199004975 0.8418508287292817 0.04477611940298507 0.13950276243093923
0 0.5592868988391376 0.8383977900552486 0.04228855721393035 0.13259668508287292
0 0.5269485903814262 0.8418508287292817 0.0439469320066335 0.13259668508287292
0 0.503731343283582 0.8535911602209945 0.05140961857379768 0.12569060773480664
0 0.47512437810945274 0.856353591160221 0.04643449419568822 0.13397790055248618
0 0.44734660033167495 0.8522099447513812 0.03980099502487562 0.15193370165745856
0 0.4224709784411277 0.8584254143646409 0.03980099502487562 0.15607734806629833
0 0.39054726368159204 0.8542817679558011 0.04145936981757877 0.18232044198895028
0 0.3611111111111111 0.8577348066298343 0.03980099502487562 0.1643646408839779
0 0.332089552238806 0.8459944751381215 0.04809286898839138 0.12292817679558012
0 0.3030679933665008 0.8522099447513812 0.04228855721393035 0.12292817679558012
0 0.2736318407960199 0.8556629834254144 0.04975124378109453 0.13397790055248618
0 0.24212271973466004 0.8425414364640884 0.05638474295190713 0.1270718232044199
0 0.21185737976782754 0.8418508287292817 0.05472636815920398 0.15469613259668508
0 0.18076285240464346 0.8273480662983426 0.0472636815920398 0.16574585635359115
0 0.15008291873963517 0.8453038674033149 0.04145936981757877 0.13812154696132597
0 0.13059701492537312 0.8487569060773481 0.04975124378109453 0.15331491712707182
0 0.1011608623548922 0.8529005524861878 0.03980099502487562 0.13950276243093923
0 0.08167495854063019 0.8522099447513812 0.04560530679933665 0.12569060773480664
0 0.0538971807628524 0.850828729281768 0.0472636815920398 0.12292817679558012
0 0.02570480928689884 0.8425414364640884 0.04643449419568822 0.13397790055248618