0 0.9111694152923538 0.09125 0.05022488755622189 0.125
0 0.8515742128935532 0.09625 0.06296851574212893 0.15
0 0.8197151424287856 0.096875 0.049475262368815595 0.1325
0 0.7923538230884558 0.1125 0.05322338830584707 0.135
0 0.7672413793103449 0.1175 0.05022488755622189 0.11625
0 0.7395052473763118 0.128125 0.05247376311844078 0.105
0 0.7203898050974513 0.1475 0.05697151424287856 0.12
0 0.6870314842578711 0.1625 0.05322338830584707 0.1375
0 0.6619190404797601 0.17 0.049475262368815595 0.1175
0 0.6368065967016492 0.174375 0.05172413793103448 0.11375
0 0.6101949025487257 0.185625 0.05247376311844078 0.11875
0 0.5790854572713643 0.188125 0.05247376311844078 0.12875
0 0.5535982008995503 0.20375 0.0472263868065967 0.13875
0 0.5258620689655172 0.191875 0.05472263868065967 0.13625
0 0.4985007496251874 0.206875 0.05172413793103448 0.13
0 0.469640179910045 0.215 0.05322338830584707 0.13
0 0.4479010494752624 0.213125 0.05922038980509745 0.12625
0 0.4224137931034483 0.22125 0.05547226386806597 0.1325
0 0.3988005997001499 0.235 0.05172413793103448 0.14625
0 0.3759370314842579 0.23875 0.05247376311844078 0.14875
0 0.34895052473763116 0.254375 0.05697151424287856 0.1725
0 0.32233883058470764 0.261875 0.05322338830584707 0.15625
0 0.2983508245877061 0.2825 0.05547226386806597 0.1225
0 0.27211394302848574 0.2875 0.050974512743628186 0.12125
0 0.24587706146926536 0.295625 0.05847076461769116 0.13375
0 0.22001499250374812 0.31875 0.06371814092953523 0.13
0 0.1934032983508246 0.33 0.06521739130434782 0.15375
0 0.16829085457271364 0.354375 0.05997001499250375 0.16
0 0.13905547226386808 0.349375 0.05172413793103448 0.13375
0 0.12143928035982009 0.35375 0.060719640179910044 0.15
0 0.09482758620689655 0.360625 0.05022488755622189 0.135
0 0.07833583208395802 0.36875 0.05322338830584707 0.12375
0 0.053598200899550225 0.38 0.05472263868065967 0.1225
0 0.02923538230884558 0.39875 0.05847076461769116 0.135