0 0.1828125 0.1015625 0.0546875 0.0609375
0 0.215625 0.0984375 0.0515625 0.06875
0 0.2578125 0.0984375 0.05625 0.0828125
0 0.309375 0.09375 0.05625 0.06875
0 0.353125 0.0921875 0.05625 0.0640625
0 0.3953125 0.090625 0.0625 0.065625
0 0.446875 0.09375 0.0546875 0.0640625
0 0.49375 0.096875 0.05625 0.065625
0 0.528125 0.096875 0.0484375 0.0734375
0 0.5734375 0.0984375 0.0546875 0.06875
0 0.625 0.0921875 0.046875 0.0703125
0 0.6671875 0.09375 0.0546875 0.075
0 0.7109375 0.0875 0.059375 0.0703125
0 0.7609375 0.0921875 0.053125 0.065625
0 0.8015625 0.090625 0.05 0.0703125