0 0.0390625 0.2234375 0.075 0.0734375
0 0.1125 0.225 0.084375 0.075
0 0.7875 0.2171875 0.071875 0.0515625
0 0.2 0.2265625 0.0828125 0.078125
0 0.278125 0.225 0.0796875 0.071875
0 0.353125 0.21875 0.0765625 0.0671875
0 0.5984375 0.21875 0.065625 0.059375
0 0.4234375 0.2171875 0.0671875 0.059375
0 0.6640625 0.2171875 0.0765625 0.0546875
0 0.865625 0.2171875 0.0765625 0.05625
0 0.45625 0.2359375 0.0671875 0.0625
0 0.5046875 0.2203125 0.065625 0.0625
0 0.565625 0.2234375 0.0640625 0.06875
0 0.73125 0.228125 0.06875 0.06875
0 0.9265625 0.2234375 0.0546875 0.05625
0 0.9703125 0.215625 0.05625 0.0640625