0 0.1828125 0.09375 0.053125 0.0609375
0 0.2171875 0.0953125 0.059375 0.0671875
0 0.259375 0.090625 0.059375 0.065625
0 0.309375 0.0875 0.05625 0.075
0 0.35625 0.0828125 0.0609375 0.0734375
0 0.4015625 0.0890625 0.053125 0.065625
0 0.440625 0.09375 0.0546875 0.0671875
0 0.49375 0.0984375 0.053125 0.059375
0 0.5328125 0.0890625 0.05 0.05625
0 0.5734375 0.084375 0.053125 0.0765625
0 0.625 0.0828125 0.05625 0.06875
0 0.6640625 0.084375 0.0546875 0.0734375
0 0.7125 0.0859375 0.059375 0.059375
0 0.7609375 0.0875 0.053125 0.065625
0 0.8015625 0.0890625 0.05625 0.065625