0 0.95625 0.375 0.0453125 0.05
0 0.0234375 0.365625 0.0328125 0.0453125
0 0.0515625 0.3671875 0.0515625 0.0453125
0 0.0734375 0.38125 0.05 0.046875
0 0.1015625 0.3671875 0.0390625 0.05
0 0.15 0.375 0.0484375 0.053125
0 0.1828125 0.3703125 0.0390625 0.04375
0 0.20625 0.3703125 0.0328125 0.04375
0 0.2375 0.3765625 0.0421875 0.0375
0 0.2703125 0.3703125 0.0453125 0.0453125
0 0.309375 0.375 0.053125 0.0515625
0 0.3609375 0.3828125 0.0609375 0.059375
0 0.4109375 0.3890625 0.053125 0.0546875
0 0.4578125 0.3734375 0.0484375 0.053125
0 0.5015625 0.3984375 0.05 0.046875
0 0.553125 0.38125 0.0484375 0.0546875
0 0.6046875 0.375 0.0453125 0.04375
0 0.6546875 0.36875 0.0421875 0.0453125
0 0.696875 0.375 0.0515625 0.0453125
0 0.746875 0.371875 0.046875 0.0515625
0 0.784375 0.3796875 0.0390625 0.0453125
0 0.828125 0.3765625 0.046875 0.046875
0 0.8578125 0.3828125 0.040625 0.0484375
0 0.90625 0.403125 0.059375 0.053125