0 0.178125 0.0859375 0.0546875 0.0515625
0 0.2234375 0.0890625 0.0578125 0.059375
0 0.265625 0.078125 0.0578125 0.05625
0 0.3125 0.084375 0.0671875 0.059375
0 0.35625 0.0828125 0.0578125 0.05625
0 0.403125 0.0796875 0.06875 0.05625
0 0.45 0.0828125 0.05625 0.0578125
0 0.49375 0.0921875 0.05 0.0640625
0 0.53125 0.0859375 0.0515625 0.0640625
0 0.578125 0.0796875 0.0640625 0.0671875
0 0.61875 0.078125 0.0546875 0.06875
0 0.665625 0.0765625 0.0546875 0.065625
0 0.715625 0.08125 0.0640625 0.0640625
0 0.75625 0.0796875 0.0671875 0.0578125
0 0.80625 0.08125 0.059375 0.05625