0 0.275 0.3421875 0.0859375 0.05625
0 0.096875 0.35625 0.0890625 0.059375
0 0.4390625 0.3609375 0.09375 0.059375
0 0.165625 0.3640625 0.0578125 0.0828125
0 0.215625 0.353125 0.0625 0.084375
0 0.03125 0.3625 0.053125 0.0734375
0 0.3546875 0.3578125 0.0921875 0.0953125
0 0.5109375 0.3734375 0.0890625 0.09375
0 0.59375 0.3890625 0.0875 0.1
0 0.66875 0.3765625 0.0875 0.08125
0 0.7484375 0.3640625 0.109375 0.0625
0 0.8296875 0.359375 0.096875 0.078125
0 0.9078125 0.3578125 0.0953125 0.0625
0 0.96875 0.353125 0.05 0.078125