0 0.053125 0.2734375 0.05 0.0296875
0 0.2390625 0.2765625 0.0453125 0.0296875
0 0.978125 0.29375 0.0390625 0.05625
0 0.934375 0.2921875 0.0484375 0.05
0 0.878125 0.290625 0.0421875 0.0453125
0 0.8375 0.29375 0.05 0.05
0 0.778125 0.2890625 0.0484375 0.04375
0 0.7359375 0.2890625 0.040625 0.0453125
0 0.6796875 0.290625 0.0546875 0.04375
0 0.6421875 0.29375 0.0515625 0.0453125
0 0.3828125 0.3 0.0484375 0.040625
0 0.3328125 0.296875 0.0484375 0.0515625
0 0.2875 0.2921875 0.0453125 0.053125
0 0.190625 0.284375 0.0484375 0.05
0 0.1390625 0.2796875 0.046875 0.0453125
0 0.09375 0.28125 0.0421875 0.053125