0 0.53125 0.1015625 0.05 0.05
0 0.8375 0.1015625 0.0453125 0.05625
0 0.8046875 0.10625 0.053125 0.0546875
0 0.7609375 0.103125 0.0625 0.059375
0 0.71875 0.1078125 0.065625 0.05625
0 0.66875 0.10625 0.065625 0.05625
0 0.6203125 0.109375 0.065625 0.0640625
0 0.5765625 0.10625 0.075 0.0609375
0 0.4921875 0.1046875 0.05625 0.053125
0 0.453125 0.10625 0.0640625 0.0515625
0 0.403125 0.10625 0.06875 0.0578125
0 0.3578125 0.1109375 0.0640625 0.0671875
0 0.3140625 0.103125 0.0796875 0.0546875
0 0.265625 0.1046875 0.0796875 0.0578125
0 0.221875 0.103125 0.0578125 0.0546875
0 0.1828125 0.10625 0.065625 0.05625