0 0.1859375 0.0984375 0.05625 0.06875
0 0.2140625 0.096875 0.04375 0.065625
0 0.259375 0.0921875 0.05625 0.0734375
0 0.3046875 0.09375 0.053125 0.071875
0 0.35 0.096875 0.05625 0.0875
0 0.4 0.090625 0.0640625 0.06875
0 0.4484375 0.0890625 0.0546875 0.0625
0 0.4921875 0.096875 0.05 0.065625
0 0.528125 0.0921875 0.0421875 0.0671875
0 0.571875 0.0859375 0.0453125 0.071875
0 0.621875 0.0890625 0.05 0.059375
0 0.66875 0.0859375 0.0515625 0.065625
0 0.7109375 0.0828125 0.0609375 0.0625
0 0.7546875 0.084375 0.05625 0.0515625
0 0.803125 0.096875 0.05 0.0640625