0 0.8203125 0.1046875 0.05 0.0609375
0 0.4296875 0.09375 0.0609375 0.0703125
0 0.3359375 0.0875 0.053125 0.0484375
0 0.284375 0.0921875 0.053125 0.0609375
0 0.1953125 0.1 0.053125 0.0484375
0 0.240625 0.09375 0.05625 0.05625
0 0.378125 0.09375 0.0609375 0.065625
0 0.4640625 0.1046875 0.053125 0.05
0 0.5109375 0.1015625 0.0546875 0.0546875
0 0.5515625 0.0984375 0.0578125 0.05
0 0.596875 0.0953125 0.0640625 0.059375
0 0.646875 0.096875 0.0578125 0.0515625
0 0.690625 0.096875 0.0640625 0.05625
0 0.7359375 0.096875 0.0671875 0.0546875
0 0.778125 0.1 0.0625 0.053125