0 0.04375 0.375 0.0453125 0.05
0 0.9765625 0.365625 0.0328125 0.0453125
0 0.9484375 0.3671875 0.0515625 0.0453125
0 0.9265625 0.38125 0.05 0.046875
0 0.8984375 0.3671875 0.0390625 0.05
0 0.85 0.375 0.0484375 0.053125
0 0.8171875 0.3703125 0.0390625 0.04375
0 0.79375 0.3703125 0.0328125 0.04375
0 0.7625 0.3765625 0.0421875 0.0375
0 0.7296875 0.3703125 0.0453125 0.0453125
0 0.690625 0.375 0.053125 0.0515625
0 0.6390625 0.3828125 0.0609375 0.059375
0 0.5890625 0.3890625 0.053125 0.0546875
0 0.5421875 0.3734375 0.0484375 0.053125
0 0.4984375 0.3984375 0.05 0.046875
0 0.446875 0.38125 0.0484375 0.0546875
0 0.3953125 0.375 0.0453125 0.04375
0 0.3453125 0.36875 0.0421875 0.0453125
0 0.303125 0.375 0.0515625 0.0453125
0 0.253125 0.371875 0.046875 0.0515625
0 0.215625 0.3796875 0.0390625 0.0453125
0 0.171875 0.3765625 0.046875 0.046875
0 0.1421875 0.3828125 0.040625 0.0484375
0 0.09375 0.403125 0.059375 0.053125