0 0.190625 0.1046875 0.0625 0.053125
0 0.2328125 0.103125 0.0625 0.0515625
0 0.2828125 0.1 0.075 0.0484375
0 0.3296875 0.1 0.0640625 0.0578125
0 0.375 0.1046875 0.0796875 0.0625
0 0.421875 0.109375 0.075 0.0625
0 0.4625 0.1046875 0.059375 0.05625
0 0.5046875 0.1078125 0.059375 0.0578125
0 0.5484375 0.10625 0.06875 0.05625
0 0.596875 0.1078125 0.0640625 0.0515625
0 0.640625 0.103125 0.0609375 0.0515625
0 0.690625 0.103125 0.0546875 0.0625
0 0.734375 0.1078125 0.0625 0.065625
0 0.778125 0.1078125 0.0703125 0.0546875