0 0.3142437591776799 0.2113970588235294 0.07195301027900147 0.0661764705882353
0 0.3146108663729809 0.15747549019607843 0.06461086637298091 0.06740196078431372
0 0.31791483113069013 0.11029411764705882 0.05800293685756241 0.07107843137254902
0 0.3131424375917768 0.06495098039215687 0.07782672540381791 0.0784313725490196
0 0.31718061674008813 0.0392156862745098 0.07342143906020558 0.031862745098039214
0 0.3201174743024963 0.3958333333333333 0.06534508076358296 0.06004901960784314
0 0.32599118942731276 0.35232843137254904 0.08296622613803231 0.07965686274509803
0 0.3263582966226138 0.3002450980392157 0.08076358296622614 0.07598039215686274
0 0.33076358296622616 0.2493872549019608 0.08223201174743025 0.07230392156862746
0 0.3762848751835536 0.9908088235294118 0.07709251101321586 0.01838235294117647
0 0.37261380323054333 0.9699754901960784 0.0697503671071953 0.06004901960784314
0 0.3634361233480176 0.9338235294117647 0.07929515418502203 0.06495098039215687
0 0.3590308370044053 0.8872549019607843 0.06534508076358296 0.0661764705882353
0 0.3590308370044053 0.8412990196078431 0.07121879588839941 0.07720588235294118
0 0.34251101321585903 0.8045343137254902 0.08737151248164464 0.08088235294117647
0 0.34838472834067546 0.7487745098039216 0.08149779735682819 0.09191176470588236
0 0.3542584434654919 0.7052696078431373 0.07929515418502203 0.0857843137254902
0 0.3590308370044053 0.6599264705882353 0.08443465491923642 0.06985294117647059
0 0.3564610866372981 0.6090686274509803 0.08149779735682819 0.0821078431372549
0 0.35315712187958886 0.5655637254901961 0.0763582966226138 0.07352941176470588