0 0.9525796661608498 0.30934343434343436 0.08725341426403642 0.1691919191919192
0 0.9267830045523521 0.32702020202020204 0.10091047040971168 0.18181818181818182
0 0.641122913505311 0.7032828282828283 0.06904400606980274 0.13005050505050506
0 0.6141881638846738 0.7247474747474747 0.07890743550834597 0.14393939393939395
0 0.6574355083459787 0.6717171717171717 0.07966616084977238 0.15025252525252525
0 0.6756449165402124 0.6376262626262627 0.07511380880121396 0.14646464646464646
0 0.7056145675265554 0.625 0.07283763277693475 0.13762626262626262
0 0.7336874051593323 0.5991161616161617 0.07587253414264036 0.13762626262626262
0 0.7564491654021245 0.5681818181818182 0.07511380880121396 0.1452020202020202
0 0.7773141122913505 0.5391414141414141 0.09104704097116843 0.17045454545454544
0 0.7959028831562974 0.5031565656565656 0.09256449165402124 0.18055555555555555
0 0.8232169954476479 0.4823232323232323 0.08118361153262518 0.14898989898989898
0 0.8509104704097117 0.46085858585858586 0.08649468892261002 0.16161616161616163
0 0.8732928679817906 0.4356060606060606 0.08573596358118361 0.15782828282828282
0 0.8941578148710166 0.39835858585858586 0.07890743550834597 0.14393939393939395
0 0.9195751138088012 0.37563131313131315 0.07283763277693475 0.13762626262626262
0 0.6028072837632777 0.7683080808080808 0.09180576631259484 0.17045454545454544
0 0.5728376327769348 0.7935606060606061 0.07663125948406677 0.1414141414141414
0 0.5462822458270106 0.8106060606060606 0.07511380880121396 0.1351010101010101
0 0.5246585735963581 0.8238636363636364 0.07359635811836115 0.13762626262626262
0 0.5098634294385432 0.8693181818181818 0.08118361153262518 0.15151515151515152
0 0.48558421851289835 0.8945707070707071 0.07966616084977238 0.1414141414141414
0 0.4563732928679818 0.9071969696969697 0.07814871016691957 0.14015151515151514
0 0.4377845220030349 0.9292929292929293 0.08952959028831563 0.1414141414141414
0 0.3926403641881639 0.9577020202020202 0.07663125948406677 0.0845959595959596
0 0.36874051593323215 0.9766414141414141 0.07435508345978756 0.04671717171717172
0 0.3163884673748103 0.9835858585858586 0.08497723823975721 0.03282828282828283