0 0.4523809523809524 0.7817460317460317 0.07539682539682539 0.1335978835978836
0 0.43214285714285716 0.7420634920634921 0.08492063492063492 0.14814814814814814
0 0.47619047619047616 0.8009259259259259 0.0873015873015873 0.15476190476190477
0 0.5015873015873016 0.8220899470899471 0.08253968253968254 0.14947089947089948
0 0.5174603174603175 0.8690476190476191 0.07936507936507936 0.14153439153439154
0 0.5404761904761904 0.9093915343915344 0.08253968253968254 0.14285714285714285
0 0.5654761904761905 0.9325396825396826 0.08333333333333333 0.1349206349206349
0 0.5884920634920635 0.9391534391534392 0.0992063492063492 0.12169312169312169
0 0.6154761904761905 0.9477513227513228 0.10238095238095238 0.10449735449735449
0 0.6353174603174603 0.9755291005291006 0.0880952380952381 0.04894179894179894
0 0.4023809523809524 0.7347883597883598 0.1 0.17592592592592593
0 0.37896825396825395 0.6911375661375662 0.08333333333333333 0.14682539682539683
0 0.3619047619047619 0.6514550264550265 0.08095238095238096 0.1402116402116402
0 0.348015873015873 0.6177248677248677 0.08015873015873017 0.14153439153439154
0 0.31626984126984126 0.6058201058201058 0.08888888888888889 0.15608465608465608
0 0.29404761904761906 0.5714285714285714 0.08571428571428572 0.14814814814814814
0 0.2785714285714286 0.5264550264550265 0.08412698412698413 0.14682539682539683
0 0.251984126984127 0.503968253968254 0.09761904761904762 0.17328042328042328
0 0.01984126984126984 0.26455026455026454 0.03968253968253968 0.1455026455026455
0 0.2119047619047619 0.4417989417989418 0.08492063492063492 0.15211640211640212
0 0.1869047619047619 0.4087301587301587 0.07936507936507936 0.13756613756613756
0 0.1638888888888889 0.375 0.07380952380952381 0.13095238095238096
0 0.15476190476190477 0.328042328042328 0.09285714285714286 0.164021164021164
0 0.12182539682539682 0.3220899470899471 0.1 0.17724867724867724
0 0.10396825396825397 0.289021164021164 0.09285714285714286 0.16666666666666666
0 0.07738095238095238 0.24206349206349206 0.09523809523809523 0.16666666666666666