0 0.49058919803600654 0.02111716621253406 0.09410801963993454 0.04223433242506812
0 0.46481178396072015 0.04223433242506812 0.10147299509001637 0.08446866485013624
0 0.4455810147299509 0.06403269754768393 0.09083469721767594 0.12806539509536785
0 0.40793780687397707 0.21662125340599456 0.11538461538461539 0.167574931880109
0 0.2127659574468085 0.6989100817438693 0.09819967266775777 0.15122615803814715
0 0.24222585924713586 0.6553133514986376 0.10638297872340426 0.16348773841961853
0 0.2107201309328969 0.7452316076294278 0.08592471358428805 0.12397820163487738
0 0.26882160392798693 0.6089918256130791 0.1088379705400982 0.16621253405994552
0 0.2765957446808511 0.5510899182561307 0.12356792144026187 0.18256130790190736
0 0.29623567921440264 0.5156675749318801 0.10801963993453355 0.1553133514986376
0 0.31669394435351883 0.4645776566757493 0.09738134206219312 0.14986376021798364
0 0.3248772504091653 0.3978201634877384 0.11129296235679215 0.164850136239782
0 0.34574468085106386 0.3446866485013624 0.1039279869067103 0.1553133514986376
0 0.367430441898527 0.3065395095367847 0.09165302782324058 0.13760217983651227
0 0.39402618657937805 0.273841961852861 0.09901800327332243 0.15122615803814715
0 0.42757774140752863 0.167574931880109 0.09656301145662848 0.14986376021798364
0 0.4423076923076923 0.1273841961852861 0.07610474631751228 0.12125340599455041