0 0.13763081395348836 0.229273607748184 0.0481468023255814 0.11955205811138014
0 0.1726017441860465 0.2080871670702179 0.045421511627906974 0.11652542372881355
0 0.19712936046511628 0.22397094430992737 0.0345203488372093 0.09987893462469734
0 0.9914607558139535 0.2323002421307506 0.017078488372093022 0.11955205811138014
0 0.9697529069767442 0.23153753026634383 0.04451308139534884 0.09987893462469734
0 0.9393168604651163 0.23456416464891042 0.045421511627906974 0.1089588377723971
0 0.9075218023255814 0.23078692493946731 0.0436046511627907 0.13165859564164648
0 0.8725508720930233 0.22624697336561742 0.0390625 0.1286319612590799
0 0.8407558139534884 0.23153753026634383 0.04087936046511628 0.11198547215496368
0 0.8130450581395349 0.22548426150121065 0.03997093023255814 0.13922518159806296
0 0.7785247093023255 0.22548426150121065 0.041787790697674417 0.13619854721549637
0 0.7417369186046513 0.22019370460048426 0.04814680232558148 0.14679176755447942
0 0.7117587209302325 0.21565375302663436 0.04087936046511628 0.12257869249394673
0 0.6831395348837209 0.20127118644067796 0.045421511627906974 0.1301452784503632
0 0.6508938953488372 0.20203389830508475 0.04087936046511628 0.11652542372881355
0 0.5623183139534884 0.23078692493946731 0.047238372093023256 0.1528450363196126
0 0.25254360465116277 0.22170702179176754 0.04905523255813953 0.11955205811138014
0 0.28615552325581395 0.237590799031477 0.052688953488372096 0.1301452784503632
0 0.22393168604651162 0.24213075060532688 0.0481468023255814 0.11501210653753027
0 0.31976744186046513 0.24743341404358352 0.052688953488372096 0.13468523002421307
0 0.34974563953488375 0.229273607748184 0.05450581395348837 0.15889830508474576
0 0.37473110465116277 0.23684019370460047 0.04269622093023256 0.14376513317191283
0 0.40788517441860467 0.237590799031477 0.04905523255813953 0.11803874092009685
0 0.4414970930232558 0.2148910411622276 0.04905523255813953 0.14225181598062955
0 0.475109011627907 0.21565375302663436 0.047238372093023256 0.13165859564164648
0 0.5028197674418604 0.22397094430992737 0.04269622093023256 0.11501210653753027
0 0.5300726744186046 0.2406174334140436 0.0481468023255814 0.12409200968523003
0 0.5941133720930233 0.23153753026634383 0.050872093023255814 0.11501210653753027
0 0.6190988372093024 0.23002421307506055 0.04269622093023256 0.08777239709443099