0 0.9547601744186046 0.2542372881355932 0.0345203488372093 0.11198547215496368
0 0.8979869186046513 0.23684019370460047 0.04451308139534884 0.13165859564164648
0 0.8675508720930233 0.22548426150121065 0.032703488372093026 0.11803874092009685
0 0.8402979651162791 0.23078692493946731 0.036337209302325583 0.11955205811138014
0 0.8153197674418605 0.22624697336561742 0.03542877906976744 0.10139225181598063
0 0.787609011627907 0.22624697336561742 0.03997093023255814 0.08928571428571429
0 0.7676235465116279 0.237590799031477 0.041787790697674417 0.10290556900726393
0 0.7340116279069767 0.23986682808716706 0.036337209302325583 0.12257869249394673
0 0.709484011627907 0.237590799031477 0.0345203488372093 0.10290556900726393
0 0.6849563953488372 0.2323002421307506 0.03815406976744186 0.09836561743341404
0 0.6586119186046512 0.2338135593220339 0.03815406976744186 0.10441888619854721
0 0.6286337209302325 0.22473365617433413 0.036337209302325583 0.11349878934624698
0 0.6022892441860465 0.23002421307506055 0.029069767441860465 0.1271186440677966
0 0.5777616279069767 0.20883777239709442 0.03815406976744186 0.12106537530266344
0 0.5500581395348837 0.21337772397094432 0.03542877906976744 0.11501210653753027
0 0.5218968023255814 0.21035108958837773 0.03724563953488372 0.11501210653753027
0 0.501453488372093 0.20127118644067796 0.0436046511627907 0.1089588377723971
0 0.4764752906976744 0.19900726392251816 0.0390625 0.11652542372881355
0 0.4519476744186047 0.20354721549636803 0.03361191860465116 0.13165859564164648
0 0.4301453488372093 0.19824455205811137 0.03361191860465116 0.13619854721549637
0 0.4024345930232558 0.20354721549636803 0.0345203488372093 0.15889830508474576
0 0.3765479651162791 0.20127118644067796 0.03361191860465116 0.14225181598062955
0 0.3511119186046512 0.211864406779661 0.04087936046511628 0.1059322033898305
0 0.32567587209302323 0.20732445520581114 0.03542877906976744 0.1059322033898305
0 0.29978197674418605 0.20506053268765131 0.041787790697674417 0.11652542372881355
0 0.27207848837209303 0.21716707021791767 0.0481468023255814 0.11047215496368039
0 0.24573401162790698 0.21868038740920095 0.046329941860465115 0.13468523002421307
0 0.21893168604651161 0.2323002421307506 0.03997093023255814 0.14376513317191283
0 0.19167877906976744 0.21716707021791767 0.0345203488372093 0.11955205811138014
0 0.1744186046511628 0.2148910411622276 0.041787790697674417 0.13317191283292978
0 0.14853197674418606 0.211864406779661 0.03361191860465116 0.12106537530266344
0 0.13172238372093023 0.21337772397094432 0.03815406976744186 0.1089588377723971
0 0.10719476744186046 0.2148910411622276 0.03997093023255814 0.1059322033898305
0 0.07994186046511628 0.22322033898305085 0.045421511627906974 0.11652542372881355