0 0.09311773255813953 0.1513317191283293 0.07539970930232558 0.1089588377723971
0 0.17805232558139536 0.2565133171912833 0.11082848837209303 0.19219128329297822
0 0.23074127906976744 0.26180387409200967 0.12536337209302326 0.23002421307506055
0 0.28797238372093026 0.255 0.12172965116279069 0.18916464891041163
0 0.3474781976744186 0.26331719128329295 0.11173691860465117 0.17857142857142858
0 0.4106104651162791 0.2648305084745763 0.10901162790697674 0.16646489104116222
0 0.9571220930232558 0.24939467312348668 0.08575581395348837 0.16707021791767554
0 0.8998037790697675 0.2746731234866828 0.09175145348837209 0.21943099273607747
0 0.8389389534883722 0.26785714285714285 0.09538517441860465 0.23002421307506055
0 0.778982558139535 0.24364406779661016 0.10628633720930232 0.211864406779661
0 0.7135755813953489 0.23002421307506055 0.1153706395348838 0.20581113801452786
0 0.6508938953488372 0.24138014527845036 0.11537063953488372 0.1952179176755448
0 0.5868459302325582 0.24364406779661016 0.12718023255813954 0.20581113801452786
0 0.5382485465116279 0.24969733656174334 0.1171875 0.20883777239709442