0 0.045421511627906974 0.5096852300242131 0.09084302325581395 0.1549636803874092
0 0.14716569767441862 0.5369249394673123 0.15261627906976744 0.2566585956416465
0 0.19513081395348839 0.5 0.17587209302325582 0.30145278450363194
0 0.24345930232558138 0.44975786924939465 0.1613372093023256 0.2627118644067797
0 0.29869186046511625 0.41041162227602906 0.14898255813953487 0.2457627118644068
0 0.3550145348837209 0.362590799031477 0.1431686046511628 0.2324455205811138
0 0.7892441860465116 0.06053268765133172 0.14244186046511628 0.12106537530266344
0 0.7336482558139535 0.0841404358353511 0.14898255813953487 0.1682808716707022
0 0.6740552325581395 0.0950363196125908 0.15334302325581395 0.1900726392251816
0 0.6126453488372093 0.11501210653753027 0.15988372093023256 0.23002421307506055
0 0.5603197674418605 0.15375302663438256 0.1569767441860465 0.2627118644067797
0 0.5043604651162791 0.20520581113801453 0.17005813953488372 0.28087167070217917
0 0.4629360465116279 0.24878934624697335 0.1620639534883721 0.274818401937046