0 0.9708271787296898 0.47167487684729065 0.058345642540620385 0.13054187192118227
0 0.41432791728212703 0.9014778325123153 0.0620384047267356 0.12807881773399016
0 0.38404726735598227 0.9224137931034483 0.05982274741506647 0.11822660098522167
0 0.3567208271787297 0.9359605911330049 0.059084194977843424 0.10960591133004927
0 0.3330871491875923 0.9445812807881774 0.07090103397341212 0.11083743842364532
0 0.3050221565731167 0.9532019704433498 0.07090103397341212 0.09359605911330049
0 0.2717872968980798 0.9519704433497537 0.07385524372230429 0.0960591133004926
0 0.24704579025110782 0.9692118226600985 0.07016248153618906 0.06157635467980296
0 0.22451994091580502 0.9802955665024631 0.06942392909896603 0.03940886699507389
0 0.19903988183161003 0.979679802955665 0.07902511078286559 0.04064039408866995
0 0.5144017725258493 0.8201970443349754 0.056129985228951254 0.11576354679802955
0 0.4878138847858198 0.8282019704433498 0.07385524372230429 0.14901477832512317
0 0.4586410635155096 0.8479064039408867 0.07090103397341212 0.1440886699507389
0 0.4287296898079764 0.8614532019704434 0.06942392909896603 0.14532019704433496
0 0.8382570162481536 0.4858374384236453 0.07016248153618906 0.14039408866995073
0 0.8161004431314623 0.5104679802955665 0.06425406203840472 0.1268472906403941
0 0.7957902511078286 0.541871921182266 0.06425406203840472 0.13669950738916256
0 0.7714180206794683 0.5671182266009852 0.05982274741506647 0.11822660098522167
0 0.7463072378138847 0.5849753694581281 0.06794682422451995 0.13177339901477833
0 0.732274741506647 0.625615763546798 0.07533234859675036 0.15517241379310345
0 0.69903988183161 0.6379310344827587 0.07902511078286559 0.15147783251231528
0 0.8788774002954209 0.4618226600985222 0.05982274741506647 0.1330049261083744
0 0.8648449039881831 0.4766009852216749 0.059084194977843424 0.1206896551724138
0 0.8988183161004432 0.44950738916256155 0.053175775480059084 0.11206896551724138
0 0.9290989660265879 0.4341133004926108 0.06277695716395865 0.13423645320197045
0 0.9449778434268833 0.3688423645320197 0.07680945347119646 0.16133004926108374
0 0.672821270310192 0.645935960591133 0.07533234859675036 0.14532019704433496
0 0.6454948301329394 0.6564039408866995 0.06942392909896603 0.14655172413793102
0 0.6181683899556869 0.6804187192118226 0.07385524372230429 0.1477832512315271
0 0.595642540620384 0.7025862068965517 0.06794682422451995 0.13669950738916256