0 0.071875 0.24921875 0.040625 0.1359375
0 0.12421875 0.23828125 0.03125 0.109375
0 0.153125 0.23671875 0.025 0.13125
0 0.18125 0.23984375 0.03125 0.1140625
0 0.20625 0.24453125 0.0375 0.1140625
0 0.23515625 0.23203125 0.0265625 0.125
0 0.2625 0.23125 0.034375 0.1109375
0 0.2890625 0.2296875 0.028125 0.08125
0 0.3140625 0.22734375 0.0296875 0.1
0 0.340625 0.225 0.028125 0.0984375
0 0.3703125 0.22265625 0.03125 0.103125
0 0.4 0.228125 0.03125 0.1046875
0 0.425 0.2328125 0.025 0.103125
0 0.45390625 0.228125 0.0234375 0.096875
0 0.47890625 0.225 0.028125 0.10625
0 0.50625 0.22890625 0.034375 0.0984375
0 0.53203125 0.228125 0.028125 0.096875
0 0.56171875 0.225 0.03125 0.090625
0 0.58359375 0.225 0.021875 0.0875
0 0.61015625 0.22265625 0.03125 0.0875
0 0.6375 0.22578125 0.0265625 0.0890625
0 0.66484375 0.2296875 0.028125 0.096875
0 0.7140625 0.37421875 0.0640625 0.5671875
0 0.69140625 0.22734375 0.021875 0.1
0 0.74375 0.22890625 0.028125 0.10625
0 0.771875 0.2296875 0.028125 0.1046875
0 0.79609375 0.234375 0.028125 0.1140625
0 0.8234375 0.22890625 0.025 0.1234375
0 0.8484375 0.22734375 0.0265625 0.115625
0 0.87265625 0.2328125 0.028125 0.10625
0 0.9 0.225 0.025 0.0984375
0 0.953125 0.40390625 0.0578125 0.5203125
0 0.87890625 0.6890625 0.1234375 0.2203125