0 0.246875 0.36015625 0.0796875 0.1796875
0 0.3875 0.346875 0.0625 0.153125
0 0.53203125 0.23671875 0.06875 0.3375
0 0.08046875 0.25390625 0.0265625 0.121875
0 0.14140625 0.21796875 0.021875 0.096875
0 0.16328125 0.22578125 0.0203125 0.109375
0 0.1796875 0.22109375 0.01875 0.0796875
0 0.20625 0.21875 0.03125 0.0703125
0 0.22890625 0.21796875 0.03125 0.0765625
0 0.26015625 0.2171875 0.0328125 0.0796875
0 0.28984375 0.215625 0.0296875 0.09375
0 0.3171875 0.22421875 0.0234375 0.08125
0 0.34140625 0.2171875 0.03125 0.0828125
0 0.3734375 0.225 0.03125 0.075
0 0.403125 0.23125 0.03125 0.0828125
0 0.434375 0.23515625 0.0265625 0.0953125
0 0.4609375 0.2328125 0.028125 0.103125
0 0.4859375 0.23515625 0.021875 0.1
0 0.5890625 0.22890625 0.0328125 0.0953125
0 0.61875 0.22109375 0.03125 0.1234375
0 0.6453125 0.221875 0.028125 0.09375
0 0.67109375 0.225 0.03125 0.090625
0 0.70078125 0.225 0.0359375 0.0984375
0 0.7328125 0.2328125 0.028125 0.0953125
0 0.7640625 0.22109375 0.034375 0.10625
0 0.79375 0.23828125 0.025 0.08125
0 0.81796875 0.23984375 0.0265625 0.084375
0 0.84765625 0.23828125 0.0296875 0.1046875
0 0.871875 0.2421875 0.0390625 0.096875
0 0.9046875 0.24453125 0.0265625 0.09375
0 0.93359375 0.24296875 0.03125 0.090625
0 0.9625 0.23984375 0.0265625 0.096875