0 0.8171875 0.1015625 0.0546875 0.0609375
0 0.784375 0.0984375 0.0515625 0.06875
0 0.7421875 0.0984375 0.05625 0.0828125
0 0.690625 0.09375 0.05625 0.06875
0 0.646875 0.0921875 0.05625 0.0640625
0 0.6046875 0.090625 0.0625 0.065625
0 0.553125 0.09375 0.0546875 0.0640625
0 0.50625 0.096875 0.05625 0.065625
0 0.471875 0.096875 0.0484375 0.0734375
0 0.4265625 0.0984375 0.0546875 0.06875
0 0.375 0.0921875 0.046875 0.0703125
0 0.3328125 0.09375 0.0546875 0.075
0 0.2890625 0.0875 0.059375 0.0703125
0 0.2390625 0.0921875 0.053125 0.065625
0 0.1984375 0.090625 0.05 0.0703125