0 0.8140625 0.0984375 0.05625 0.06875
0 0.7859375 0.096875 0.04375 0.065625
0 0.740625 0.0921875 0.05625 0.0734375
0 0.6953125 0.09375 0.053125 0.071875
0 0.65 0.096875 0.05625 0.0875
0 0.6 0.090625 0.0640625 0.06875
0 0.5515625 0.0890625 0.0546875 0.0625
0 0.5078125 0.096875 0.05 0.065625
0 0.471875 0.0921875 0.0421875 0.0671875
0 0.428125 0.0859375 0.0453125 0.071875
0 0.378125 0.0890625 0.05 0.059375
0 0.33125 0.0859375 0.0515625 0.065625
0 0.2890625 0.0828125 0.0609375 0.0625
0 0.2453125 0.084375 0.05625 0.0515625
0 0.196875 0.096875 0.05 0.0640625