0 0.715625 0.0921875 0.0578125 0.0640625
0 0.621875 0.0875 0.053125 0.0609375
0 0.80625 0.096875 0.05 0.0515625
0 0.2203125 0.10625 0.05625 0.0625
0 0.4953125 0.1046875 0.05 0.0578125
0 0.3609375 0.096875 0.05 0.0671875
0 0.765625 0.09375 0.06875 0.0703125
0 0.66875 0.0921875 0.078125 0.0640625
0 0.5796875 0.0953125 0.0734375 0.059375
0 0.5359375 0.1015625 0.0671875 0.05625
0 0.453125 0.1 0.0703125 0.0546875
0 0.4109375 0.096875 0.0734375 0.0546875
0 0.3140625 0.096875 0.0609375 0.059375
0 0.2734375 0.1 0.078125 0.05625
0 0.175 0.103125 0.0625 0.0609375