0 0.81875 0.0984375 0.0453125 0.05625
0 0.784375 0.0921875 0.04375 0.0546875
0 0.740625 0.09375 0.0515625 0.05625
0 0.69375 0.0921875 0.05 0.065625
0 0.646875 0.09375 0.059375 0.0640625
0 0.6046875 0.09375 0.0609375 0.06875
0 0.5546875 0.0953125 0.0578125 0.0609375
0 0.50625 0.1 0.05 0.053125
0 0.471875 0.090625 0.0546875 0.0609375
0 0.4265625 0.090625 0.0515625 0.0515625
0 0.378125 0.0953125 0.0578125 0.04375
0 0.3328125 0.0890625 0.06875 0.053125
0 0.2859375 0.084375 0.0625 0.0578125
0 0.2375 0.0921875 0.0515625 0.0609375
0 0.1921875 0.1 0.05625 0.06875