0 0.190625 0.1 0.0515625 0.065625
0 0.2375 0.1 0.053125 0.0734375
0 0.284375 0.096875 0.0515625 0.075
0 0.334375 0.0875 0.05625 0.059375
0 0.375 0.090625 0.0609375 0.0515625
0 0.425 0.0890625 0.053125 0.0515625
0 0.46875 0.0890625 0.059375 0.05
0 0.50625 0.090625 0.0484375 0.0453125
0 0.55 0.0890625 0.05 0.05
0 0.596875 0.0890625 0.0546875 0.05
0 0.6421875 0.090625 0.0578125 0.05625
0 0.6921875 0.09375 0.05625 0.0578125
0 0.7375 0.0921875 0.059375 0.0578125
0 0.78125 0.0953125 0.05 0.05625
0 0.821875 0.0953125 0.0453125 0.0546875