0 0.1796875 0.1046875 0.05 0.0609375
0 0.5703125 0.09375 0.0609375 0.0703125
0 0.6640625 0.0875 0.053125 0.0484375
0 0.715625 0.0921875 0.053125 0.0609375
0 0.8046875 0.1 0.053125 0.0484375
0 0.759375 0.09375 0.05625 0.05625
0 0.621875 0.09375 0.0609375 0.065625
0 0.5359375 0.1046875 0.053125 0.05
0 0.4890625 0.1015625 0.0546875 0.0546875
0 0.4484375 0.0984375 0.0578125 0.05
0 0.403125 0.0953125 0.0640625 0.059375
0 0.353125 0.096875 0.0578125 0.0515625
0 0.309375 0.096875 0.0640625 0.05625
0 0.2640625 0.096875 0.0671875 0.0546875
0 0.221875 0.1 0.0625 0.053125