0 0.746875 0.3421875 0.09375 0.059375
0 0.5078125 0.3328125 0.090625 0.0625
0 0.1875 0.3421875 0.10625 0.0671875
0 0.346875 0.3328125 0.0953125 0.059375
0 0.903125 0.3453125 0.1015625 0.0671875
0 0.8203125 0.353125 0.0921875 0.06875
0 0.6703125 0.3546875 0.0859375 0.0734375
0 0.5859375 0.34375 0.0796875 0.0796875
0 0.4296875 0.340625 0.0859375 0.065625
0 0.2671875 0.3484375 0.0875 0.06875
0 0.1109375 0.340625 0.078125 0.06875
0 0.0390625 0.3484375 0.0671875 0.078125
0 0.965625 0.3484375 0.06875 0.0828125