0 0.18125 0.0984375 0.0453125 0.05625
0 0.215625 0.0921875 0.04375 0.0546875
0 0.259375 0.09375 0.0515625 0.05625
0 0.30625 0.0921875 0.05 0.065625
0 0.353125 0.09375 0.059375 0.0640625
0 0.3953125 0.09375 0.0609375 0.06875
0 0.4453125 0.0953125 0.0578125 0.0609375
0 0.49375 0.1 0.05 0.053125
0 0.528125 0.090625 0.0546875 0.0609375
0 0.5734375 0.090625 0.0515625 0.0515625
0 0.621875 0.0953125 0.0578125 0.04375
0 0.6671875 0.0890625 0.06875 0.053125
0 0.7140625 0.084375 0.0625 0.0578125
0 0.7625 0.0921875 0.0515625 0.0609375
0 0.8078125 0.1 0.05625 0.06875