0 0.2375 0.090625 0.0578125 0.0671875
0 0.640625 0.09375 0.05625 0.0625
0 0.378125 0.0921875 0.0578125 0.0640625
0 0.825 0.1015625 0.05625 0.0609375
0 0.7328125 0.103125 0.0578125 0.06875
0 0.5453125 0.0984375 0.0578125 0.06875
0 0.190625 0.1015625 0.059375 0.0546875
0 0.2828125 0.0921875 0.059375 0.0609375
0 0.3296875 0.090625 0.0671875 0.065625
0 0.421875 0.09375 0.0671875 0.053125
0 0.4671875 0.1 0.0546875 0.0546875
0 0.50625 0.103125 0.0640625 0.05625
0 0.5921875 0.096875 0.0765625 0.065625
0 0.684375 0.096875 0.075 0.0609375
0 0.7796875 0.1015625 0.0765625 0.059375