0 0.284375 0.0921875 0.0578125 0.0640625
0 0.378125 0.0875 0.053125 0.0609375
0 0.19375 0.096875 0.05 0.0515625
0 0.7796875 0.10625 0.05625 0.0625
0 0.5046875 0.1046875 0.05 0.0578125
0 0.6390625 0.096875 0.05 0.0671875
0 0.234375 0.09375 0.06875 0.0703125
0 0.33125 0.0921875 0.078125 0.0640625
0 0.4203125 0.0953125 0.0734375 0.059375
0 0.4640625 0.1015625 0.0671875 0.05625
0 0.546875 0.1 0.0703125 0.0546875
0 0.5890625 0.096875 0.0734375 0.0546875
0 0.6859375 0.096875 0.0609375 0.059375
0 0.7265625 0.1 0.078125 0.05625
0 0.825 0.103125 0.0625 0.0609375