0 0.715625 0.0921875 0.0578125 0.0625
0 0.2203125 0.1 0.05 0.0515625
0 0.8078125 0.09375 0.05625 0.0484375
0 0.7609375 0.090625 0.0671875 0.0578125
0 0.66875 0.096875 0.065625 0.0546875
0 0.6265625 0.096875 0.0640625 0.0640625
0 0.58125 0.0953125 0.065625 0.0625
0 0.5359375 0.103125 0.05625 0.059375
0 0.490625 0.103125 0.0484375 0.0484375
0 0.4515625 0.09375 0.05 0.0484375
0 0.4046875 0.09375 0.059375 0.05
0 0.359375 0.0953125 0.0703125 0.046875
0 0.3109375 0.0921875 0.0546875 0.053125
0 0.265625 0.09375 0.0625 0.059375
0 0.1828125 0.1 0.0640625 0.0578125