0 0.4953125 0.096875 0.0515625 0.04375
0 0.8109375 0.1046875 0.0625 0.05
0 0.7671875 0.1 0.065625 0.0546875
0 0.7203125 0.1 0.071875 0.05
0 0.671875 0.1015625 0.06875 0.0453125
0 0.6265625 0.1 0.0671875 0.05
0 0.5859375 0.1046875 0.065625 0.05
0 0.534375 0.1046875 0.06875 0.0515625
0 0.453125 0.103125 0.0671875 0.0546875
0 0.4046875 0.1015625 0.0609375 0.0546875
0 0.3609375 0.1046875 0.0609375 0.0546875
0 0.3125 0.103125 0.0671875 0.05625
0 0.265625 0.1046875 0.0640625 0.0515625
0 0.2234375 0.10625 0.0765625 0.0546875
0 0.1875 0.103125 0.05625 0.046875