0 0.1796875 0.09375 0.0515625 0.0625
0 0.21875 0.09375 0.0609375 0.0703125
0 0.25625 0.090625 0.05 0.059375
0 0.303125 0.0921875 0.0515625 0.0609375
0 0.353125 0.090625 0.0578125 0.0453125
0 0.403125 0.0890625 0.0515625 0.059375
0 0.44375 0.09375 0.0453125 0.0609375
0 0.4890625 0.103125 0.046875 0.0671875
0 0.53125 0.1015625 0.053125 0.065625
0 0.575 0.0890625 0.0578125 0.059375
0 0.621875 0.0875 0.0453125 0.053125
0 0.665625 0.0828125 0.0453125 0.0609375
0 0.715625 0.084375 0.059375 0.071875
0 0.75625 0.0859375 0.0484375 0.065625
0 0.8 0.09375 0.053125 0.071875