0 0.1796875 0.096875 0.0484375 0.0640625
0 0.2140625 0.096875 0.059375 0.0671875
0 0.2578125 0.0921875 0.05625 0.06875
0 0.296875 0.0859375 0.0515625 0.06875
0 0.3484375 0.0875 0.059375 0.071875
0 0.3984375 0.0890625 0.059375 0.0578125
0 0.4484375 0.090625 0.0609375 0.0609375
0 0.4859375 0.090625 0.046875 0.059375
0 0.528125 0.0921875 0.046875 0.053125
0 0.5734375 0.0890625 0.0359375 0.0625
0 0.6109375 0.0828125 0.0578125 0.059375
0 0.6625 0.078125 0.059375 0.05625
0 0.7078125 0.084375 0.0484375 0.05625
0 0.753125 0.0828125 0.0453125 0.065625
0 0.8015625 0.0890625 0.053125 0.05625