0 0.9765625 0.2828125 0.0453125 0.0453125
0 0.9375 0.2859375 0.04375 0.05
0 0.8796875 0.284375 0.0578125 0.0546875
0 0.8359375 0.2859375 0.05 0.05
0 0.78125 0.2859375 0.05 0.0515625
0 0.7375 0.2828125 0.040625 0.0515625
0 0.68125 0.2875 0.0609375 0.0515625
0 0.634375 0.2921875 0.05 0.0515625
0 0.3859375 0.290625 0.04375 0.040625
0 0.334375 0.2875 0.0484375 0.04375
0 0.2859375 0.284375 0.0453125 0.0453125
0 0.2390625 0.2765625 0.05 0.0421875
0 0.1921875 0.275 0.0546875 0.046875
0 0.1375 0.275 0.05625 0.05
0 0.090625 0.278125 0.05625 0.0515625
0 0.05 0.278125 0.0515625 0.0484375