0 0.1046875 0.24140625 0.0421875 0.0765625
0 0.125 0.22578125 0.0421875 0.09375
0 0.1515625 0.221875 0.0328125 0.0890625
0 0.1734375 0.21953125 0.025 0.084375
0 0.1984375 0.22109375 0.021875 0.0828125
0 0.225 0.21953125 0.0328125 0.084375
0 0.25546875 0.225 0.03125 0.08125
0 0.2875 0.22265625 0.028125 0.0796875
0 0.3203125 0.21953125 0.0359375 0.0671875
0 0.35078125 0.2265625 0.03125 0.0890625
0 0.38203125 0.2234375 0.03125 0.0953125
0 0.41171875 0.221875 0.0296875 0.0921875
0 0.44140625 0.21796875 0.0296875 0.0984375
0 0.47265625 0.21875 0.0328125 0.09375
0 0.50546875 0.22265625 0.0296875 0.090625
0 0.53359375 0.221875 0.025 0.0890625
0 0.5625 0.2171875 0.0296875 0.090625
0 0.58984375 0.21796875 0.0265625 0.0921875
0 0.61640625 0.22109375 0.028125 0.090625
0 0.63671875 0.24609375 0.021875 0.053125
0 0.65703125 0.2171875 0.0296875 0.090625
0 0.68515625 0.215625 0.0265625 0.090625
0 0.71328125 0.23046875 0.0265625 0.075
0 0.740625 0.23203125 0.0265625 0.071875
0 0.77421875 0.23203125 0.0390625 0.078125
0 0.809375 0.2296875 0.0328125 0.0859375
0 0.840625 0.2296875 0.0296875 0.0859375
0 0.87109375 0.2328125 0.0328125 0.0828125
0 0.90546875 0.2359375 0.0359375 0.0859375
0 0.9390625 0.2328125 0.0265625 0.096875
0 0.96640625 0.23359375 0.028125 0.0984375