0 0.47578125 0.228125 0.0265625 0.1015625
0 0.49921875 0.23203125 0.0265625 0.1046875
0 0.5203125 0.22734375 0.0265625 0.075
0 0.55078125 0.22578125 0.0265625 0.084375
0 0.578125 0.21875 0.025 0.1
0 0.221875 0.225 0.03125 0.0796875
0 0.2421875 0.2296875 0.0375 0.09375
0 0.08203125 0.24296875 0.0375 0.0671875
0 0.1109375 0.23828125 0.040625 0.084375
0 0.13125 0.23203125 0.0328125 0.084375
0 0.3 0.234375 0.0265625 0.0734375
0 0.325 0.2296875 0.021875 0.084375
0 0.35 0.23125 0.0265625 0.0875
0 0.371875 0.22890625 0.0296875 0.075
0 0.4 0.22734375 0.0234375 0.0828125
0 0.42109375 0.225 0.03125 0.10625
0 0.45390625 0.22890625 0.03125 0.0875
0 0.60234375 0.24140625 0.0328125 0.1
0 0.6265625 0.23671875 0.028125 0.0671875
0 0.653125 0.24140625 0.03125 0.0703125
0 0.68203125 0.24453125 0.03125 0.0765625
0 0.70625 0.2359375 0.0390625 0.0734375
0 0.73125 0.24296875 0.034375 0.0796875
0 0.76484375 0.25 0.028125 0.084375
0 0.7875 0.23828125 0.034375 0.0890625
0 0.8140625 0.2421875 0.028125 0.08125
0 0.84375 0.23671875 0.0328125 0.103125
0 0.86640625 0.23125 0.03125 0.1109375
0 0.90078125 0.22109375 0.0375 0.0828125
0 0.95234375 0.25234375 0.0390625 0.121875