0 0.0953125 0.24140625 0.0671875 0.1234375
0 0.17109375 0.2328125 0.0609375 0.13125
0 0.23046875 0.23828125 0.0578125 0.1421875
0 0.290625 0.23828125 0.0625 0.1421875
0 0.34921875 0.23203125 0.0546875 0.1328125
0 0.4078125 0.22890625 0.046875 0.11875
0 0.459375 0.22265625 0.0765625 0.128125
0 0.5296875 0.22734375 0.0703125 0.1265625
0 0.59453125 0.22421875 0.0578125 0.1171875
0 0.65859375 0.21796875 0.06875 0.1296875
0 0.71328125 0.22421875 0.0640625 0.1328125
0 0.77734375 0.2328125 0.0609375 0.103125
0 0.83828125 0.23828125 0.05625 0.1046875
0 0.896875 0.22890625 0.0625 0.11875
0 0.96015625 0.22734375 0.065625 0.1109375