0 0.0484375 0.36875 0.0578125 0.0484375
0 0.09375 0.4 0.05 0.0453125
0 0.140625 0.3796875 0.05625 0.0515625
0 0.175 0.3828125 0.0484375 0.0546875
0 0.2140625 0.3828125 0.04375 0.05
0 0.2515625 0.3734375 0.046875 0.05625
0 0.303125 0.3796875 0.053125 0.0484375
0 0.3453125 0.375 0.0484375 0.04375
0 0.390625 0.3734375 0.05 0.0453125
0 0.4453125 0.3828125 0.053125 0.0515625
0 0.49375 0.403125 0.05 0.0484375
0 0.540625 0.3734375 0.0515625 0.053125
0 0.590625 0.3890625 0.053125 0.0578125
0 0.6375 0.3796875 0.05625 0.0515625
0 0.6875 0.378125 0.0484375 0.046875
0 0.734375 0.375 0.0421875 0.046875
0 0.7640625 0.375 0.040625 0.0484375
0 0.7921875 0.375 0.040625 0.0453125
0 0.8171875 0.3734375 0.0390625 0.0453125
0 0.8515625 0.3734375 0.046875 0.0421875
0 0.9015625 0.3671875 0.0375 0.0453125
0 0.928125 0.375 0.04375 0.034375
0 0.9515625 0.3640625 0.0375 0.04375
0 0.98125 0.3640625 0.0328125 0.0453125