0 0.284375 0.0921875 0.0578125 0.0625
0 0.7796875 0.1 0.05 0.0515625
0 0.1921875 0.09375 0.05625 0.0484375
0 0.2390625 0.090625 0.0671875 0.0578125
0 0.33125 0.096875 0.065625 0.0546875
0 0.3734375 0.096875 0.0640625 0.0640625
0 0.41875 0.0953125 0.065625 0.0625
0 0.4640625 0.103125 0.05625 0.059375
0 0.509375 0.103125 0.0484375 0.0484375
0 0.5484375 0.09375 0.05 0.0484375
0 0.5953125 0.09375 0.059375 0.05
0 0.640625 0.0953125 0.0703125 0.046875
0 0.6890625 0.0921875 0.0546875 0.053125
0 0.734375 0.09375 0.0625 0.059375
0 0.8171875 0.1 0.0640625 0.0578125