0 0.9609375 0.2234375 0.075 0.0734375
0 0.8875 0.225 0.084375 0.075
0 0.2125 0.2171875 0.071875 0.0515625
0 0.8 0.2265625 0.0828125 0.078125
0 0.721875 0.225 0.0796875 0.071875
0 0.646875 0.21875 0.0765625 0.0671875
0 0.4015625 0.21875 0.065625 0.059375
0 0.5765625 0.2171875 0.0671875 0.059375
0 0.3359375 0.2171875 0.0765625 0.0546875
0 0.134375 0.2171875 0.0765625 0.05625
0 0.54375 0.2359375 0.0671875 0.0625
0 0.4953125 0.2203125 0.065625 0.0625
0 0.434375 0.2234375 0.0640625 0.06875
0 0.26875 0.228125 0.06875 0.06875
0 0.0734375 0.2234375 0.0546875 0.05625
0 0.0296875 0.215625 0.05625 0.0640625