0 0.809375 0.1046875 0.0625 0.053125
0 0.7671875 0.103125 0.0625 0.0515625
0 0.7171875 0.1 0.075 0.0484375
0 0.6703125 0.1 0.0640625 0.0578125
0 0.625 0.1046875 0.0796875 0.0625
0 0.578125 0.109375 0.075 0.0625
0 0.5375 0.1046875 0.059375 0.05625
0 0.4953125 0.1078125 0.059375 0.0578125
0 0.4515625 0.10625 0.06875 0.05625
0 0.403125 0.1078125 0.0640625 0.0515625
0 0.359375 0.103125 0.0609375 0.0515625
0 0.309375 0.103125 0.0546875 0.0625
0 0.265625 0.1078125 0.0625 0.065625
0 0.221875 0.1078125 0.0703125 0.0546875