0 0.725 0.3421875 0.0859375 0.05625
0 0.903125 0.35625 0.0890625 0.059375
0 0.5609375 0.3609375 0.09375 0.059375
0 0.834375 0.3640625 0.0578125 0.0828125
0 0.784375 0.353125 0.0625 0.084375
0 0.96875 0.3625 0.053125 0.0734375
0 0.6453125 0.3578125 0.0921875 0.0953125
0 0.4890625 0.3734375 0.0890625 0.09375
0 0.40625 0.3890625 0.0875 0.1
0 0.33125 0.3765625 0.0875 0.08125
0 0.2515625 0.3640625 0.109375 0.0625
0 0.1703125 0.359375 0.096875 0.078125
0 0.0921875 0.3578125 0.0953125 0.0625
0 0.03125 0.353125 0.05 0.078125