0 0.809375 0.1 0.0515625 0.065625
0 0.7625 0.1 0.053125 0.0734375
0 0.715625 0.096875 0.0515625 0.075
0 0.665625 0.0875 0.05625 0.059375
0 0.625 0.090625 0.0609375 0.0515625
0 0.575 0.0890625 0.053125 0.0515625
0 0.53125 0.0890625 0.059375 0.05
0 0.49375 0.090625 0.0484375 0.0453125
0 0.45 0.0890625 0.05 0.05
0 0.403125 0.0890625 0.0546875 0.05
0 0.3578125 0.090625 0.0578125 0.05625
0 0.3078125 0.09375 0.05625 0.0578125
0 0.2625 0.0921875 0.059375 0.0578125
0 0.21875 0.0953125 0.05 0.05625
0 0.178125 0.0953125 0.0453125 0.0546875