0 0.6703125 0.09375 0.059375 0.071875
0 0.4 0.090625 0.059375 0.05625
0 0.7609375 0.0921875 0.053125 0.0671875
0 0.2203125 0.1015625 0.05 0.05625
0 0.809375 0.0984375 0.0546875 0.059375
0 0.7171875 0.096875 0.0609375 0.0671875
0 0.621875 0.1 0.0765625 0.0625
0 0.578125 0.09375 0.0609375 0.0671875
0 0.4515625 0.0984375 0.059375 0.053125
0 0.3546875 0.09375 0.0640625 0.0546875
0 0.309375 0.0921875 0.0765625 0.053125
0 0.265625 0.0921875 0.06875 0.0546875
0 0.184375 0.0984375 0.059375 0.05625
0 0.49375 0.1015625 0.05625 0.053125